LIMIT_BAL,SEX,EDUCATION,MARRIAGE,AGE,PAY_1,PAY_2,PAY_3,PAY_4,PAY_5,PAY_6,BILL_AMT1,BILL_AMT2,BILL_AMT3,BILL_AMT4,BILL_AMT5,BILL_AMT6,PAY_AMT1,PAY_AMT2,PAY_AMT3,PAY_AMT4,PAY_AMT5,PAY_AMT6
0.0404040404040404,0,0.3333333333333333,0.6666666666666666,0.2758620689655172,0.7,0.6000000000000001,0.5,0.4,0.2,0.2,0.16409209523834806,0.0825464094109412,0.07251104277942495,0.10205361180775399,0.07999854331071082,0.08942513174044164,0.0,0.0,0.0,0.000570048309178744,0.002344506469665603,0.0018915534571922537
0.1313131313131313,0,0.3333333333333333,0.6666666666666666,0.2241379310344827,0.30000000000000004,0.4,0.4,0.2,0.2,0.2,0.22983370365749306,0.15953101268049952,0.1811964707111935,0.18535028573777906,0.16469794434839963,0.17163193985084385,0.009730388116563182,0.0,0.004240882103477523,0.00676328502415459,0.009964152496078812,0.0077553691744882405
0.1313131313131313,0,0.3333333333333333,0.6666666666666666,0.12068965517241376,0.4,0.4,0.4,0.4,0.4,0.4,0.15770588386245002,0.07728894286689802,0.0658152404107969,0.09798133453932492,0.0764701181435709,0.08539542411393268,0.0018316024690001283,0.0004936358004427913,0.0007812151243248069,0.000966183574879227,0.001641154528765922,0.0011349320743153522
0.09090909090909091,1,0.3333333333333333,0.3333333333333333,0.32758620689655177,0.4,0.4,0.4,0.4,0.4,0.4,0.1858266281210982,0.10749845214782916,0.11028752482218787,0.13180323150927106,0.11063858628304485,0.1187300771853656,0.0024039782405626685,0.0013986347679212422,0.002008838891120932,0.00322061191626409,0.004689012939331206,0.0037831069143845074
0.20202020202020202,0,0.3333333333333333,0.6666666666666666,0.1896551724137931,0.2,0.2,0.2,0.2,0.2,0.2,0.2679819589749852,0.16174793643487084,0.17703239398656712,0.15604366237717388,0.09881209011646433,0.10341854013146523,0.004194369654010294,0.0032086327028781436,0.0032007499665193517,0.004830917874396135,0.004689012939331206,0.0037831069143845074
0.4343434343434343,1,0.16666666666666666,0.6666666666666666,0.24137931034482757,0.2,0.2,0.2,0.2,0.2,0.2,0.4392026836776861,0.38548414248038676,0.42371818496861813,0.34321218599679315,0.2811400212231537,0.24442450888843612,0.014996245214938551,0.009049989674784507,0.011160216061782956,0.014492753623188406,0.01664599593462578,0.010403544014557396
0.2222222222222222,0,0.16666666666666666,0.3333333333333333,0.37931034482758624,0.30000000000000004,0.4,0.4,0.4,0.4,0.4,0.15489195117915283,0.0734476065117261,0.060945690978200476,0.09711178719730297,0.07506603152316085,0.08474263658565086,0.0011447515431250801,0.0008227263340713189,0.0033480648185348866,0.0,0.0028134077635987237,0.0
















